6.6773 -13.0454 3.2655 13.0546 0.5047 -8.2298 9.0807 -4.6775 -6.7036 -15.8586 -10.0988 -6.6646 10.1741 -2.1238 -3.7086 4.1023 -10.9454
-2.5608 1.0410 0.8071 -8.9846 -11.0793 12.9067 0.4540 -5.3715 4.3471 3.4597 5.0714 2.0395 -13.5546 -1.4674 -5.3867 8.3755 8.5474
-34.6902 2.4920 2.9825 -5.0352 -7.1022 2.7683 1.4236 6.5577 5.0185 6.4576 6.2501 3.2045 15.4666 5.0396 6.7701 -0.6881 8.7302
2.5883 -1.2491 3.3024 -13.8588 -13.9081 18.2948 -0.1721 -9.1531 12.0931 15.5454 10.9610 -5.1867 -19.3298 6.1156 -5.5718 -1.1340 -3.4155
-17.4441 -3.0407 2.2360 -7.0232 -7.5402 10.7877 -4.8871 5.3903 -4.7839 6.1664 6.2806 -2.5488 8.6975 0.7009 1.0981 7.2467 6.3841
-8.9278 -8.8154 1.1236 -2.2543 -3.2828 10.1241 -6.6963 4.7166 -4.9216 -0.7402 12.2132 3.3048 -5.8154 0.6872 -2.0850 5.7164 2.1785
-10.4041 -0.4133 1.4691 5.8410 -6.0368 -1.7337 -0.7058 -4.3020 3.2897 -2.0410 -1.7466 0.3978 4.5968 -2.5546 4.4359 4.4633 6.6907
-6.8250 -2.6290 -0.0778 9.7956 -10.2158 7.0011 1.2309 1.9994 6.2824 -0.1198 1.1433 -2.8340 1.5304 -3.0237 -0.1693 -2.8611 -0.3710
3.5491 3.5181 5.4397 -27.1277 -0.1955 11.9337 0.5067 -8.1832 -11.7242 0.0267 2.5151 6.5991 -7.9589 -11.8748 -0.8479 0.2832 5.1661
-10.6364 -0.5269 -5.3840 -6.7927 9.2709 3.1894 14.1055 6.5832 1.9821 -0.0357 11.5642 -0.6850 2.5479 -6.2685 -11.1923 0.7592 -10.7047
-6.8055 -4.5036 0.5605 9.9710 -3.5078 -4.8765 -11.3625 1.0591 -8.7663 -0.6820 0.6014 -2.5971 6.5888 4.6085 -3.3068 2.9928 12.3847
3.8296 -2.3661 6.2901 -5.7619 -8.5491 11.2843 -7.8821 -20.1014 -6.2277 8.0170 -3.1765 -2.2880 1.6631 -1.6127 6.4953 -1.9505 2.0328
-6.2389 -3.1444 0.9332 8.6718 -18.0859 8.3810 4.0774 3.3487 4.8437 6.5347 -2.0878 0.9437 7.1670 17.3860 -19.2666 -12.6214 -2.4379
-1.6979 -9.5729 1.9794 8.5793 -2.4235 -5.0438 -0.3102 7.7894 4.6401 3.1780 0.3654 -9.1602 0.6430 9.3143 0.2374 -10.1998 -10.5474
-6.0179 2.7652 1.4912 -4.3521 -4.7866 3.8193 1.9249 0.3829 6.1038 1.6362 1.3904 -3.0593 0.9634 0.2820 1.1227 0.3348 -2.2856
-2.1995 -0.4812 -2.2880 -0.9460 -2.0559 8.7039 -1.3751 -6.3761 6.1248 -13.2273 8.0965 -2.3914 -23.8323 -4.9886 14.0428 3.1257 4.0944
-9.2680 7.6152 -4.5280 -6.6158 4.8016 1.1949 9.8464 -2.2778 2.2183 -5.2744 -8.4092 0.8026 6.5708 -3.9893 -0.1782 4.6660 4.3003
-1.1395 -1.9742 1.9006 -2.5278 -7.8462 6.3129 -0.7286 13.0438 0.3614 0.5678 -3.4361 -13.0539 -1.6504 1.5103 -11.7689 2.0725 9.1481
-7.5448 -2.1927 2.4817 10.2351 -5.8233 -7.8215 5.9411 -1.5081 0.8317 -2.8838 0.7263 -0.4174 -1.0432 -11.3887 2.6105 12.6781 -2.1748
-23.1620 7.7520 3.9763 -17.3799 -9.7387 17.2367 9.9242 21.3526 -0.1204 14.4071 1.3755 2.7054 2.7576 -1.1751 -0.7709 -4.5788 -8.7770
-6.7876 8.7938 2.9931 -12.0560 -14.0560 16.5489 0.3855 -8.6795 5.9061 16.0116 -4.8909 12.1838 4.5271 3.1453 2.4281 -15.1053 -10.3302
-13.6357 1.9636 4.4267 -1.6080 -6.8907 2.5385 -2.0542 4.1663 -1.7519 -8.9579 -3.1530 16.7700 -5.8149 1.1979 2.2022 4.8112 6.4360
-4.5049 -1.9383 0.0023 -1.2109 -3.6986 2.8982 -5.4331 0.2362 -4.8065 -11.3759 -1.7629 3.7866 -5.7126 16.5497 10.7005 -8.6533 -1.7825
-1.6070 -7.8891 1.4534 15.7059 0.1228 -20.7439 0.2705 -1.4251 -13.6058 2.8778 -4.9977 0.8179 -0.9406 7.6551 -0.1761 10.0127 -0.4214
-6.6054 4.0409 -4.2984 -1.0315 3.8652 0.3033 0.3214 -8.8043 -9.0581 -3.5274 -5.0089 14.9669 -1.7189 -10.6911 19.0989 6.9049 -13.0857
-25.5423 -3.3946 -7.7060 -6.7264 4.3991 4.6656 14.9888 -1.4505 -5.1121 18.6661 13.8021 0.5199 0.2730 -4.3022 -0.5650 20.8871 -7.9112
